250 345 790 155 643 657 530 820 567 584 598 526 741 812 860 348
486 377 798 167 938 789 777 534 625 775 957 541 112 535 967 961
747 877 185 144 249 863 711 125 722 962 839 933 488 258 796 185
485 333 846 244 623 703 210 860 452 659 705 116 946 803 507 256
106 511 774 767 572 404 346 658 808 507 242 200 470 886 851 162
446 879 444 362 642 363 424 934 447 817 396 643 725 368 374 207
309 440 254 808 598 789 672 801 811 574 300 568 289 779 831 131
554 644 796 152 987 310 910 492 928 422 788 469 875 950 185 280
896 476 439 296 497 635 397 648 132 626 212 114 900 573 640 481

